开始模型训练，日志将保存到 outputs\model_training_log—GA_RF_1.txt
开始时间: 2025-07-01 01:00:33
==================================================
开始遗传算法优化随机森林参数...
gen	nevals	avg     	std    	min     	max     
0  	20    	-1773.69	103.221	-1866.45	-1548.99
1  	17    	-1729.24	111.742	-1837.07	-1543.12
2  	18    	-1599.16	47.6664	-1668.64	-1524.01
3  	18    	-1588.85	57.9381	-1781.89	-1524.01
4  	18    	-1542.37	14.5864	-1565.16	-1524.01
5  	11    	-1552.65	60.9814	-1799.21	-1523.86
6  	16    	-1560.66	86.119 	-1812.42	-1520.09
7  	18    	-1540.37	62.606 	-1812.42	-1524.01
8  	16    	-1526.16	9.39989	-1567.13	-1524.01
9  	14    	-1537.59	56.9864	-1785.81	-1524.01
10 	14    	-1545.67	68.8476	-1812.42	-1524.01
11 	16    	-1526.57	11.1658	-1575.24	-1524.01
12 	19    	-1566.14	91.001 	-1842.07	-1524.01
13 	17    	-1535.95	64.3368	-1812.42	-1474.48
14 	18    	-1527.45	62.5069	-1785.81	-1474.48
15 	20    	-1516.67	44.4775	-1619.64	-1474.48
16 	15    	-1502.43	68.3991	-1785.81	-1474.48
17 	18    	-1531.7 	133.256	-1950.72	-1474.48
18 	15    	-1474.48	4.00333e-13	-1474.48	-1474.48
19 	15    	-1497.28	67.6478    	-1759.62	-1474.48
20 	17    	-1475.71	5.35628    	-1499.06	-1474.48
最优参数: n_estimators=83, max_depth=20, min_samples_split=4, min_samples_leaf=1, max_features=log2
开始训练基于遗传算法优化的随机森林模型...
遗传算法优化的随机森林模型训练完成！

遗传算法优化的随机森林模型评估：
均方误差 (MSE): 1396.2526326931652
决定系数 (R2): 0.8041348914465913
平均绝对误差 (MAE): 26.4434652596883
中位数绝对误差 (MedAE): 12.903398836355024

==================================================
模型训练完成！总运行时间: 0:02:46
结束时间: 2025-07-01 01:03:19
详细日志已保存到: outputs\model_training_log—GA_RF_1.txt
