开始模型训练，日志将保存到 outputs\model_training_log—GA_RF_3.txt
开始时间: 2025-07-01 01:16:45
==================================================
遗传算法参数:
种群大小: 20
迭代代数: 20
初始交叉概率: 0.6
最终交叉概率: 0.95
初始变异概率: 0.4
最终变异概率: 0.05
==================================================
开始遗传算法优化随机森林参数...
gen	nevals	avg     	std    	min     	max     
0  	20    	-1773.69	103.221	-1866.45	-1548.99
1  	14    	-1720.18	115.517	-1855.78	-1548.99
2  	17    	-1662.31	106.946	-1861.13	-1554.61
3  	16    	-1613.9 	96.489 	-1866.39	-1554.61
4  	15    	-1593.68	74.4583	-1803.85	-1554.61
5  	18    	-1617.59	108.538	-1851.99	-1550.18
6  	12    	-1598.76	96.9525	-1891.69	-1550.18
7  	17    	-1593.77	83.3961	-1828.37	-1550.18
8  	14    	-1553.75	5.5749 	-1571.36	-1537.62
9  	18    	-1581.62	60.7058	-1781.89	-1537.62
10 	16    	-1630.93	112.347	-1886.92	-1537.62
11 	15    	-1616.72	112.736	-1850.39	-1519.41
12 	12    	-1582.47	97.4468	-1882.9 	-1519.41
13 	9     	-1582.21	113.577	-1886.86	-1519.41
14 	14    	-1568.93	113.402	-1885.26	-1474.48
15 	12    	-1578.28	134.578	-1846.89	-1474.48
16 	18    	-1579.06	123.188	-1841.84	-1474.48
17 	20    	-1621.26	142.341	-1875.05	-1474.48
18 	14    	-1541.67	84.2308	-1753   	-1474.48
19 	13    	-1535.1 	109.5  	-1842.72	-1474.48
20 	15    	-1533.54	83.1994	-1792.24	-1474.48
最优参数: n_estimators=83, max_depth=None, min_samples_split=4, min_samples_leaf=1, max_features=sqrt
开始训练基于遗传算法优化的随机森林模型...
遗传算法优化的随机森林模型训练完成！

遗传算法优化的随机森林模型评估：
均方误差 (MSE): 1396.2526326931616
决定系数 (R2): 0.8041348914465918
平均绝对误差 (MAE): 26.443465259688253
中位数绝对误差 (MedAE): 12.903398836354995

特征重要性排序:
1. feed_rate: 0.3727
2. Width: 0.2744
3. Height: 0.2435
4. printing_speed: 0.0797
5. printing_temperature: 0.0297

==================================================
模型训练完成！总运行时间: 0:02:29
结束时间: 2025-07-01 01:19:15
详细日志已保存到: outputs\model_training_log—GA_RF_3.txt
