开始模型训练，日志将保存到 outputs\model_training_log—GA_RF_2.txt
开始时间: 2025-07-01 01:11:05
==================================================
开始遗传算法优化随机森林参数...
gen	nevals	avg     	std    	min  	max     
0  	30    	-1814.59	121.014	-2166	-1582.98
1  	19    	-1589.87	40.6719	-1782.78	-1503.8 
2  	22    	-1512.74	26.6203	-1607.81	-1503.8 
3  	20    	-1504.7 	4.52732	-1528.21	-1503.8 
4  	27    	-1520.9 	54.0761	-1733.53	-1503.8 
5  	26    	-1521.7 	64.8756	-1757.34	-1492.68
6  	24    	-1518.06	82.9535	-1818.41	-1492.1 
7  	18    	-1510.03	71.8206	-1855.45	-1492.1 
8  	16    	-1492.1 	0      	-1492.1 	-1492.1 
9  	21    	-1515.85	84.7168	-1908.44	-1492.1 
10 	23    	-1531.13	133.161	-2068.76	-1492.1 
11 	16    	-1492.1 	0      	-1492.1 	-1492.1 
12 	22    	-1492.13	0.117883	-1492.68	-1492.1 
13 	21    	-1492.1 	2.27374e-13	-1492.1 	-1492.1 
14 	22    	-1500.56	39.6744    	-1686.65	-1492.1 
15 	22    	-1498.38	28.7644    	-1630.2 	-1492.1 
16 	18    	-1492.38	1.16129    	-1497.3 	-1492.1 
17 	18    	-1492.1 	0          	-1492.1 	-1492.1 
18 	16    	-1492.1 	0          	-1492.1 	-1492.1 
19 	15    	-1492.1 	1.13687e-13	-1492.1 	-1492.1 
20 	14    	-1492.1 	4.54747e-13	-1492.1 	-1492.1 
21 	12    	-1492.1 	4.54747e-13	-1492.1 	-1492.1 
22 	14    	-1492.1 	4.54747e-13	-1492.1 	-1492.1 
23 	14    	-1492.1 	4.54747e-13	-1492.1 	-1492.1 
24 	14    	-1492.1 	4.54747e-13	-1492.1 	-1492.1 
25 	12    	-1492.1 	4.54747e-13	-1492.1 	-1492.1 
26 	12    	-1492.57	1.62169    	-1498.19	-1492.1 
27 	12    	-1507.46	50.9158    	-1676.32	-1492.1 
28 	10    	-1492.1 	2.27374e-13	-1492.1 	-1492.1 
29 	10    	-1492.1 	2.27374e-13	-1492.1 	-1492.1 
30 	8     	-1492.1 	0          	-1492.1 	-1492.1 
最优参数: n_estimators=75, max_depth=25, min_samples_split=4, min_samples_leaf=1, max_features=log2, bootstrap=True
开始训练基于遗传算法优化的随机森林模型...
遗传算法优化的随机森林模型训练完成！

遗传算法优化的随机森林模型评估：
均方误差 (MSE): 1441.1083
决定系数 (R2): 0.7978
平均绝对误差 (MAE): 27.2179
中位数绝对误差 (MedAE): 12.0087

特征重要性排序:
1. feed_rate: 0.3737
2. Width: 0.2735
3. Height: 0.2404
4. printing_speed: 0.0819
5. printing_temperature: 0.0306

==================================================
模型训练完成！总运行时间: 0:00:34
结束时间: 2025-07-01 01:11:40
详细日志已保存到: outputs\model_training_log—GA_RF_2.txt
